                             Lucky Lanka Dairies (Pvt) Ltd.
                             Bibulewela, Karagoda, Uyangoda.
                       Tel. 041 2292652, 041 2293032, 041 2292031
                                    Fax. 041 2292831
     Payment Summery - Kotagala
     From 2011 March 01 to 2011 March 08

     No.  Name                                             LMR    Fat    SNF    Vol        Com.           Ded.      Avg.       Net
     1    D.M.Irosha Madhumallika(7)                     25.14   4.11    7.9  32.25                      8.06      35.12   1124.48
     2    S.Imbarani(8)                                  24.78   4.25    7.8  46.25                   1531.35      33.11      0.00
     3    S.Aiiyadorai(9)                                24.74   4.09    7.8  54.00                     13.50      31.88   1708.13
     4    D.Samarathunga(1)                              24.99   4.06    7.8 144.50     1644.13       2711.13      36.90   4265.12
     5    A.G.Hemakumari(2)                              25.05   4.07    7.8 104.25                   2701.06      37.87   1247.29
     6    S.Kanapathi(3)                                 24.46   4.10    7.7 120.50                   3915.47      32.49      0.00
     7    Kanniappan(10)                                 24.96   4.08    7.8 126.25                     31.56      33.84   4240.45
     8    Sathyaseelan(16)                               24.96   3.76    7.7  27.00                      6.75      31.39    840.71
     9    S.Rasaiya(18)                                  24.71   4.00    7.7  89.75                     22.44      31.62   2815.22
     10   S.Sathiskumar(237)                             24.75   4.15    7.8  87.00                   2696.75      34.68    320.73
     11   T.Lechchami(239)                               24.54   4.20    7.7  41.00                     10.25      31.84   1295.32
     12   P.Kumaraja(240)                                25.22   4.20    7.9  21.50                      5.38      36.64    782.38
     13   Punniya Kesawamoorthi(241)                     24.86   4.16    7.8  33.25                    768.31      34.38    374.97
     14   Ramasami Sivaperumal(242)                      25.06   4.05    7.8  66.50                     16.63      37.12   2451.58
     15   Perumal Mariappan(243)                         24.93   4.02    7.8  47.00                     11.75      35.07   1636.40
     16   Thanagaraja Kamalam(244)                       24.81   4.13    7.8  46.50                   1584.26      34.07      0.00
     17   Nadaraja Selverkumar(248)                      24.83   3.95    7.7 169.00                   4557.25      33.95   1181.01
     18   K.G.Wijayamanika(249)                          24.73   4.09    7.8  64.75                     16.19      36.26   2331.33
     19   A.Arumugam(250)                                24.71   4.14    7.8  78.25                   2574.14      32.90      0.00
     20   J.Vijaya(251)                                  24.81   4.13    7.8  94.00                   1543.50      36.54   1891.53
     21   Anura(253)                                     24.89   4.09    7.8  88.25                     22.06      34.75   3044.67
     22   R.G.Ranbanda(255)                              24.57   4.18    7.7 109.75                   2702.44      32.91    909.48
     23   J.Kanagawalli(261)                             24.74   4.15    7.8  93.25                   1543.31      32.80   1515.31
     24   S.Rajendran(262)                               24.66   4.03    7.7  54.75                    933.69      33.21    884.72
     25   Sivamohan(264)                                 23.56   4.06    7.51087.00     5435.00      34296.75      31.22   5077.82
     26   Kanapathi Vickneshwaran(265)                   24.71   4.26    7.8  43.75                   1643.55      37.57      0.00
     27   R.Ramakrishnan(266)                            24.73   4.07    7.7  50.00                     12.50      37.07   1841.07
     28   V.Ramaiha(268)                                 24.67   4.21    7.8  54.00                     13.50      34.17   1831.52
     29   K.Ramajeyam(269)                               25.05   4.06    7.8  78.00                   2718.34      34.85      0.00
     30   P.Ramasam(270)                                 24.89   4.10    7.8 122.75                     30.69      34.80   4241.41
     31   V.Balasubramaniyam(323)                        24.83   4.13    7.8  44.25                     11.06      34.93   1534.77
     32   Govindasamy Balakrishnan(324)                  24.66   4.17    7.8  64.00                     16.00      32.94   2092.31
     33   Gunasekaram ( Gregally )(33)                   24.69   4.14    7.8 277.50      291.50      10225.10      35.80      0.00
     34   R.Raman(34)                                    24.89   4.16    7.8  52.50                   1533.13      36.60    388.31
     35   Sadgunam()                                                                     429.38                             429.38
     36   V.Ramakrishnan(46)                             25.03   3.78    7.8  28.75                    902.36      31.39      0.00
     37   H.Mahamanie(50)                                25.30   3.78    7.8  22.00                      5.50      31.58    689.20
     38   A.Anandan(114)                                 24.88   4.10    7.8 227.75                   3491.94      35.87   4677.63
     39   D.M.Gamage(71)                                 25.25   4.12    7.9 152.25                   2713.06      36.38   2825.50
     40   Ramadas(75)                                    24.51   4.13    7.7  34.00                      8.50      31.68   1068.45
     41   Selwanathan(83)                                24.46   4.28    7.7  76.00                   2698.86      35.51      0.00
     42   Selwakumar(88)                                 25.22   4.00    7.9  46.50                   1564.26      33.64      0.00
     43   Kandasami(93)                                  24.89   4.11    7.8  26.25                      6.56      33.50    872.90
     44   A.Arulappan(94)                                25.21   4.01    7.9 152.25                   4993.06      37.29    684.23
     45   Pungirala(102)                                 25.03   4.08    7.8  52.75                   1884.67      35.73      0.00
     46   Vijayamenike(103)                              24.63   4.12    7.7  71.25                   2377.98      33.38      0.00
     47   Pubalan(109)                                   24.84   4.14    7.8 466.25      635.13       4676.56      35.40  12465.50
     48   J.Anthony(110)                                 24.71   4.02    7.7  63.50                   2104.30      33.14      0.00
     49   K.Subramanium(80)                              24.71   4.17    7.8  90.00                   2697.50      35.13    464.42
     50   P.Selwadorei(45)                               24.75   4.10    7.8  77.50                     19.38      34.49   2653.24
     51   S.Puwendran(47)                                24.97   4.04    7.8 121.25                   2705.31      33.43   1348.44
     52   N.Balakrishnan(113)                            25.40   4.37    8.0 242.00                   2735.50      45.51   8278.44
     53   K.Selwakumari (Ramdas)(122)                    24.76   4.73    7.9  23.50                      5.88      40.46    945.03
     54   Siwasami(126)                                  24.84   4.07    7.8  61.00                     15.25      34.33   2078.63
     55   G.Nawarathna Raja(131)                         24.78   4.09    7.8  76.25                     19.06      33.87   2563.51
     56   Arumugam Balakrishnan(136)                     25.00   4.08    7.8  44.00                     11.00      32.81   1432.52
     57   Jayaweera(140)                                 24.81   4.12    7.8  91.75                   2697.94      35.69    576.31
     58   Dinesh Kumarawel(142)                          24.99   3.90    7.8  80.75                    340.19      32.20   2260.36
     59   S.Nalwasiwam(145)                              24.83   4.22    7.8  60.50                     15.13      34.48   2070.93
     60   Lalith Silwa(146)                              24.67   4.05    7.7  79.75                     19.94      34.91   2764.35
     61   N.Krishnamoorthi(147)                          24.61   4.15    7.7  98.50                   2699.63      34.31    679.97
     62   Balakrishnan - Suplier(Suplier)                                                986.13                             986.13
     63   K.Krishnaleela(159)                            24.72   4.20    7.8  36.50                    769.13      33.45    451.85
     64   Govindasami(161)                               25.00   4.02    7.8  26.00                      6.50      34.45    889.14
     65   P.Maheshwaran(162)                             24.85   4.01    7.8 103.50       46.00         25.88      33.77   3515.63
     66   S.Muthu(163)                                   24.73   4.22    7.8  57.75                   2090.71      36.20      0.00
     67   Perumal Jeyarathnam(171)                       24.90   3.99    7.8 102.50                   2860.63      35.72    800.86
     68   Seliya Selveraj(182)                           25.08   3.72    7.8  19.75                    617.46      31.26      0.00
     69   Kalimuththu Ravintran(186)                     24.76   4.17    7.8  41.25                   1422.92      34.50      0.00
     70   Ramukitnasami(189)                             24.77   4.25    7.8  62.50                   1695.63      38.13    687.40
     71   K.Pushpawali(190)                              25.14   3.93    7.8  36.75                    769.19      34.89    512.92
     72   M.Chandrakumar(193)                            24.88   4.16    7.8  60.00                     15.00      37.80   2253.17
     73   M.Krishantha(198)                              24.72   4.26    7.8  32.50                      8.13      37.65   1215.58
     74   R.Muthusami(200)                               24.67   4.01    7.7  35.00                      8.75      33.78   1173.42
     75   Ramachandran H(201)                            24.82   4.14    7.8  89.50                     22.38      36.09   3207.94
     76   K.Selwaraj(203)                                24.94   4.11    7.8 259.75                   4624.94      34.58   4358.23
     77   J.Vijayakanth(206)                             24.86   4.07    7.8  97.25                   2699.31      33.43    551.61
     78   Siwakumar(207)                                 24.91   3.98    7.8  55.50                     13.88      34.28   1888.72
     79   S.Manomani(212)                                24.83   4.27    7.8 124.75                     31.19      38.57   4780.61
     80   S.Siwakumar T(217)                             24.97   4.05    7.8 144.50                   4975.95      34.44      0.00
     81   R.Visagaperumal(220)                           24.85   4.09    7.8  46.25                     11.56      36.56   1679.50
     82   R.Vijekumar(221)                               24.80   3.86    7.7  28.25                      7.06      31.38    879.52
     83   R.Radakrishnan(226)                            24.73   4.12    7.8  86.00                     21.50      32.74   2793.72
     84   I.Pushpalatha(227)                             24.86   4.01    7.8  79.25                   2644.46      33.37      0.00
     85   P.Selvermuththu(232)                           24.73   4.04    7.7 132.50                    793.13      33.41   3633.59
     86   R.Karunakaran(235)                             24.82   4.03    7.8  55.50                     13.88      33.44   1841.83
              
         Total Milk Payment                                                               280317.22
         Total Commision                                                                    9467.25
         Total Deduction                                                                  147986.23
         Total Payment                                                                    141798.35

         Total Volume                                                                       8092.50

         Average                                                                              34.64


         .....................                           .....................                 .....................
         Prepaired By                               Checked by                      Autherized by

